   18   54
        0.5094444290       -1.1085825086       -1.4684866284
       -0.4085758172       -1.4466505393       -1.1340102564
       -0.4085758601       -1.4466505159       -1.1340102353
       -0.4003739971       -1.1107677694       -1.3683540601
       -0.4003740010       -1.1107677952       -1.3683540642
       -0.3817608083       -1.2567740949       -1.3619184845
       -0.3817607558       -1.2567740900       -1.3619184737
       -0.3714693954       -1.3034916396       -1.3257487964
       -0.3714694228       -1.3034916649       -1.3257487986
       -0.3859272921       -1.3604318500       -1.2560188765
       -0.2556077982       -0.2617575197       -0.7946137841
       -0.2154761133       -0.7409476027       -0.3145011867
       -0.2154761309       -0.7409475730       -0.3145011770
       -0.2229231613       -0.7506597424       -0.3007593075
       -0.2229231275       -0.7506597536       -0.3007593180
       -0.2238148470       -0.5804169307       -0.4820850432
       -0.2238149144       -0.5804169109       -0.4820850332
       -0.2235408132       -0.2838189576       -0.7748759288
       -1.1085825086        2.4466512315       -2.1946754506
       -1.0790357030       -2.4462406601       -1.9758457466
       -1.0790357288       -2.4462406645       -1.7451583547
       -1.1310551681       -1.8281434951       -2.1241510878
       -1.1310551866       -1.8281435245       -2.0658268426
       -1.1134732788       -1.9873606876       -2.0850705926
       -1.1134732559       -1.9873606815       -2.0920788648
       -1.0982398982       -2.0320291826       -2.0485260683
       -1.0982399198       -2.0320291602       -2.0561067502
       -1.1116228464       -2.0811152202       -1.9824220426
       -0.9476424533       -1.0447351119       -1.5210204391
       -0.9419591180       -1.4781135991       -1.0585919379
       -0.9419591031       -1.4781135552       -1.0232234146
       -0.9497464890       -1.4764375425       -1.0257868055
       -0.9497464895       -1.4764375283       -1.0285432520
       -0.9497021087       -1.3062489995       -1.2090958371
       -0.9497021362       -1.3062490026       -1.2078852161
       -0.9498103871       -1.0115791670       -1.5012809510
       -1.4684866284       -2.1946754506        3.4058236690
       -1.4388674802       -2.6554407469       -2.4091830696
       -1.4388675348       -2.4101209614       -2.4091830596
       -1.4909024376       -2.2199705378       -2.5042784661
       -1.4909024595       -2.1740762250       -2.5042784481
       -1.4733263392       -2.3371876983       -2.4516049583
       -1.4733263600       -2.3488709702       -2.4516049699
       -1.4580848043       -2.3921162834       -2.4146352015
       -1.4580848254       -2.3873788624       -2.4146351870
       -1.4714762641       -2.4466884020       -2.3404959222
       -1.3075824497       -1.3480979950       -2.2660430776
       -1.3018081069       -1.8145693764       -1.3894276636
       -1.3018081545       -1.8398374148       -1.3894276820
       -1.3095965294       -1.8369345007       -1.3870104266
       -1.3095965285       -1.8368946238       -1.3870104291
       -1.3095511535       -1.6666599858       -1.5689372530
       -1.3095512055       -1.6666837367       -1.5689372428
       -1.3096604640       -1.3700738707       -1.8609895702
       -0.4085758172       -1.0790357030       -1.4388674802
        0.4307252891       -1.4172143482       -1.1045404914
       -0.3112006831       -1.4171004641       -1.1044730175
       -0.4400995518       -1.0812550670       -1.3388809868
       -0.3648503353       -1.0812525143       -1.3388345467
       -0.3537485648       -1.2272570174       -1.3324056984
       -0.3575827147       -1.2272565929       -1.3324047513
       -0.3338538139       -1.2739764896       -1.2962352026
       -0.3410948402       -1.2739769284       -1.2962349497
       -0.3559542001       -1.3309178281       -1.2265006504
       -0.1885780766       -0.2322452280       -0.7650245519
       -0.2080360508       -0.7114955859       -0.2849862029
       -0.1819472002       -0.7114300104       -0.2849832799
       -0.1988952259       -0.7211423252       -0.2712421200
       -0.1952281961       -0.7211423655       -0.2712420916
       -0.1938293128       -0.5508997253       -0.4525677497
       -0.1936710973       -0.5508996587       -0.4525677083
       -0.1947553616       -0.2543017750       -0.7453584467
       -1.4466505393       -2.4462406601       -2.6554407469
       -1.4172143482        3.3477958857       -2.2628940824
       -1.4171004836       -2.5763867459       -2.1990587162
       -1.4691523067       -2.2943540403       -2.3557183363
       -1.4691516871       -2.2154643042       -2.3965764107
       -1.4515726490       -2.3101047716       -2.4461503245
       -1.4515725166       -2.3240584871       -2.4407206670
       -1.4363337812       -2.3672503306       -2.3994066481
       -1.4363336467       -2.3611248733       -2.3838326464
       -1.4497227543       -2.4335144371       -2.3205094080
       -1.2857476029       -1.3183307512       -1.8526257226
       -1.2801297751       -2.1578102928       -1.2777421858
       -1.2800558098       -1.8081866702       -1.3749980622
       -1.2878439273       -1.8135914231       -1.3663991106
       -1.2878440551       -1.8164382168       -1.3637926980
       -1.2877989117       -1.6448852484       -1.5477675509
       -1.2877989050       -1.6447881378       -1.5466168124
       -1.2879079619       -1.3479490950       -1.8393196067
       -1.1340102564       -1.9758457466       -2.4091830696
       -1.1045404914       -2.2628940824        2.5144908052
       -1.1044730694       -2.1979833296       -1.8749409983
       -1.1565740026       -1.7891853268       -2.4315077200
       -1.1565289562       -1.8446135335       -2.1243775849
       -1.1389496571       -2.0052601674       -2.1546844852
       -1.1389461835       -2.0022369376       -2.1254403472
       -1.1237127552       -2.0544739557       -2.0724679320
       -1.1237133143       -2.0525257609       -2.0671934311
       -1.1370965429       -2.1189116659       -2.0117542449
       -0.9731250675       -1.0368994508       -1.5531485195
       -0.9674332679       -1.3915751306       -1.1544583482
       -0.9674315486       -1.4904520253       -1.0684746336
       -0.9752203524       -1.5017841666       -1.0524788040
       -0.9752199741       -1.5035305804       -1.0513510749
       -0.9751754716       -1.3327881634       -1.2333919027
       -0.9751756224       -1.3327731084       -1.2345884607
       -0.9752839446       -1.0343626830       -1.5268212277
       -0.4085758601       -1.0790357288       -1.4388675348
       -0.3112006831       -1.4171004836       -1.1044730694
        0.4307253317       -1.4172143574       -1.1045405275
       -0.3648503484       -1.0812525178       -1.3388345565
       -0.4400996084       -1.0812551093       -1.3388810258
       -0.3575827233       -1.2272565892       -1.3324047756
       -0.3537485666       -1.2272570629       -1.3324057289
       -0.3410948919       -1.2739769372       -1.2962349713
       -0.3338538590       -1.2739765125       -1.2962352083
       -0.3559542022       -1.3309178551       -1.2265006654
       -0.1885780748       -0.2322452524       -0.7650245747
       -0.1819472298       -0.7114300589       -0.2849833117
       -0.2080360540       -0.7114956211       -0.2849862243
       -0.1952282549       -0.7211424130       -0.2712421345
       -0.1988952310       -0.7211423183       -0.2712421307
       -0.1936710974       -0.5508997065       -0.4525677579
       -0.1938293479       -0.5508997449       -0.4525677657
       -0.1947553915       -0.2543017777       -0.7453584754
       -1.4466505159       -2.4462406645       -2.4101209614
       -1.4171004641       -2.5763867459       -2.1979833296
       -1.4172143574        3.3477958651       -2.1339833425
       -1.4691516836       -2.2154642773       -2.4691774157
       -1.4691523324       -2.2943540495       -2.5100493488
       -1.4515724843       -2.3240584746       -2.4121709433
       -1.4515726755       -2.3101047847       -2.4067425084
       -1.4363336479       -2.3611248704       -2.3966957494
       -1.4363337745       -2.3672503130       -2.3811290715
       -1.4497227537       -2.4335144354       -2.3205321175
       -1.2857475849       -1.3183307207       -1.8654648390
       -1.2800557794       -1.8081866525       -1.3830084625
       -1.2801297574       -2.1578102790       -1.4802771073
       -1.2878440487       -1.8164382494       -1.3667312123
       -1.2878439122       -1.8135913818       -1.3641240150
       -1.2877988365       -1.6447881429       -1.5465582171
       -1.2877989209       -1.6448852403       -1.5454075331
       -1.2879079619       -1.3479490749       -1.8394369457
       -1.1340102353       -1.7451583547       -2.4091830596
       -1.1044730175       -2.1990587162       -1.8749409983
       -1.1045405275       -2.1339833425        2.5144907859
       -1.1565289573       -1.8807417916       -2.1243775950
       -1.1565740023       -1.9361762482       -2.4315077069
       -1.1389461599       -2.0150954428       -2.1254403500
       -1.1389496871       -2.0120755931       -2.1546844702
       -1.1237133106       -2.0583938220       -2.0671934283
       -1.1237127675       -2.0564682260       -2.0724678974
       -1.1370965230       -2.1061841386       -2.0117542648
       -0.9731250520       -0.9903824738       -1.5531485066
       -0.9674315085       -1.4952010581       -1.0684746254
       -0.9674332642       -1.5940771102       -1.1544583326
       -0.9752199923       -1.5015459297       -1.0513510738
       -0.9752203686       -1.5032927054       -1.0524787855
       -0.9751755645       -1.3318188429       -1.2345884637
       -0.9751754953       -1.3318040295       -1.2333919066
       -0.9752839278       -1.0370338475       -1.5268212360
       -0.4003739971       -1.1310551681       -1.4909024376
       -0.4400995518       -1.4691523067       -1.1565740026
       -0.3648503484       -1.4691516836       -1.1565289573
        0.5695550438       -1.1333590669       -1.3909719176
       -0.4945956837       -1.1333357283       -1.3908850928
       -0.4636648307       -1.2793287461       -1.3844935753
       -0.4107903744       -1.2793096153       -1.3844513582
       -0.3908988001       -1.3260270299       -1.3482866333
       -0.3993826827       -1.3260258941       -1.3482826353
       -0.4106162360       -1.3829671084       -1.2785527287
       -0.2366987608       -0.2842954364       -0.8170755629
       -0.2376506005       -0.7634809104       -0.3370350618
       -0.2338134269       -0.7634810876       -0.3370343114
       -0.2394010411       -0.7731935306       -0.3232935981
       -0.2372806001       -0.7731935629       -0.3232930851
       -0.2382732792       -0.6029506923       -0.5046189018
       -0.2454782199       -0.6029505931       -0.5046186307
       -0.2455740573       -0.3063525995       -0.7974095484
       -1.1107677694       -1.8281434951       -2.2199705378
       -1.0812550670       -2.2943540403       -1.7891853268
       -1.0812525178       -2.2154642773       -1.8807417916
       -1.1333590669        2.4523923175       -1.9731989720
       -1.1333357029       -2.0504782056       -2.1192758126
       -1.1157467906       -2.2129503796       -2.2392340449
       -1.1157247502       -1.9986101023       -2.0780847059
       -1.1004862751       -2.0212049424       -2.0460282850
       -1.1004853253       -2.0384217994       -2.0629720652
       -1.1138756486       -2.0798209595       -1.9833339381
       -0.9499000728       -0.9953984285       -1.5250449592
       -0.9442096120       -1.4712146343       -1.0160426314
       -0.9442083517       -1.4691846378       -1.0435818445
       -0.9519986751       -1.4994395449       -1.0574618778
       -0.9519970194       -1.4781369676       -1.0284231035
       -0.9519513538       -1.3089875227       -1.2071065965
       -0.9519511831       -1.3086879522       -1.2112065534
       -0.9520605332       -1.0128551799       -1.5034854925
       -1.3683540601       -2.1241510878       -2.5042784661
       -1.3388809868       -2.3557183363       -2.4315077200
       -1.3388345565       -2.4691774157       -2.1243775950
       -1.3909719176       -1.9731989720        3.1394051334
       -1.3908851184       -2.0748715848       -2.4763929645
       -1.3733419335       -2.3907581036       -2.6312910516
       -1.3733039266       -2.2276196477       -2.3073256904
       -1.3580719592       -2.3205436148       -2.3419160573
       -1.3580705541       -2.3039050231       -2.3365955094
       -1.3714542524       -2.3297012943       -2.2349577257
       -1.2074833064       -1.2522997227       -1.7822331432
       -1.2017906857       -1.7316325793       -1.3014654456
       -1.2017906614       -1.7268999267       -1.3073573256
       -1.2095789320       -1.7311276349       -1.2798992937
       -1.2095786415       -1.7331477864       -1.2913283856
       -1.2095344933       -1.5645218709       -1.4730941398
       -1.2095341796       -1.5664719981       -1.4676893075
       -1.2096422668       -1.2714317059       -1.7606936986
       -0.4003740010       -1.1310551866       -1.4909024595
       -0.3648503353       -1.4691516871       -1.1565289562
       -0.4400996084       -1.4691523324       -1.1565740023
       -0.4945956837       -1.1333357029       -1.3908851184
        0.5695550493       -1.1333590948       -1.3909719279
       -0.4107903929       -1.2793096032       -1.3844513529
       -0.4636648671       -1.2793287568       -1.3844935923
       -0.3993826478       -1.3260259002       -1.3482826386
       -0.3908987755       -1.3260270493       -1.3482866604
       -0.4106162408       -1.3829670978       -1.2785527311
       -0.2366987736       -0.2842954601       -0.8170755768
       -0.2338134338       -0.7634810613       -0.3370342800
       -0.2376506154       -0.7634809239       -0.3370350593
       -0.2372805996       -0.7731935845       -0.3232930925
       -0.2394010475       -0.7731935398       -0.3232935519
       -0.2454781632       -0.6029506071       -0.5046186402
       -0.2382733279       -0.6029507160       -0.5046188800
       -0.2455740783       -0.3063526248       -0.7974095681
       -1.1107677952       -1.8281435245       -2.1740762250
       -1.0812525143       -2.2154643042       -1.8446135335
       -1.0812551093       -2.2943540495       -1.9361762482
       -1.1333357283       -2.0504782056       -2.0748715848
       -1.1333590948        2.4523923462       -2.2207077279
       -1.1157247464       -1.9986100923       -2.1031356948
       -1.1157468162       -2.2129504023       -1.9417643995
       -1.1004853405       -2.0384218217       -2.0458761285
       -1.1004862987       -2.0212049694       -2.0628243534
       -1.1138756501       -2.0798209322       -1.9860145481
       -0.9499000887       -0.9953984652       -1.5213485651
       -0.9442083467       -1.4691846680       -1.0427301254
       -0.9442096373       -1.4712146383       -1.0702676179
       -0.9519970177       -1.4781369946       -1.0304059057
       -0.9519986904       -1.4994395292       -1.0013700857
       -0.9519511801       -1.3086879648       -1.2102735435
       -0.9519513594       -1.3089875466       -1.2143737845
       -0.9520605608       -1.0128551975       -1.5035760931
       -1.3683540642       -2.0658268426       -2.5042784481
       -1.3388345467       -2.3965764107       -2.1243775849
       -1.3388810258       -2.5100493488       -2.4315077069
       -1.3908850928       -2.1192758126       -2.4763929645
       -1.3909719279       -2.2207077279        3.1394051270
       -1.3733039243       -2.2584335089       -2.3073256943
       -1.3733419359       -2.0950869736       -2.6312910518
       -1.3580705578       -2.2757837734       -2.3365955160
       -1.3580719911       -2.2591737918       -2.3419160217
       -1.3714542098       -2.3642438602       -2.2349577655
       -1.2074832699       -1.2436999302       -1.7822331637
       -1.2017906372       -1.7274709632       -1.3073572939
       -1.2017906830       -1.7227402900       -1.3014654466
       -1.2095786452       -1.7406465565       -1.2913284221
       -1.2095789202       -1.7426704479       -1.2798992690
       -1.2095341252       -1.5668374919       -1.4676893230
       -1.2095345100       -1.5687882257       -1.4730941078
       -1.2096422968       -1.2686822631       -1.7606937023
       -0.3817608083       -1.1134732788       -1.4733263392
       -0.3537485648       -1.4515726490       -1.1389496571
       -0.3575827233       -1.4515724843       -1.1389461599
       -0.4636648307       -1.1157467906       -1.3733419335
       -0.4107903929       -1.1157247464       -1.3733039243
        0.5226677918       -1.2618310535       -1.3669607224
       -0.3931861868       -1.2617322174       -1.3668735686
       -0.4334493595       -1.3084523253       -1.3307585715
       -0.3793482563       -1.3084491968       -1.3307067255
       -0.3859282003       -1.3653878143       -1.2609774366
       -0.2258624406       -0.2667201768       -0.7995003367
       -0.2236538683       -0.7459057466       -0.3194589861
       -0.2189134546       -0.7459057558       -0.3194590027
       -0.2656292869       -0.7556837635       -0.3057169777
       -0.2281054513       -0.7556180865       -0.3057178319
       -0.2252639143       -0.5853753396       -0.4870445470
       -0.2284442802       -0.5853754742       -0.4870435019
       -0.2211731619       -0.2887776774       -0.7798344113
       -1.2567740949       -1.9873606876       -2.3371876983
       -1.2272570174       -2.3101047716       -2.0052601674
       -1.2272565892       -2.3240584746       -2.0150954428
       -1.2793287461       -2.2129503796       -2.3907581036
       -1.2793096032       -1.9986100923       -2.2584335089
       -1.2618310535        2.8416329100       -2.2214632960
       -1.2617322147       -2.1277111168       -2.2434088231
       -1.2464940055       -2.3048468396       -2.1255303455
       -1.2464926673       -2.1736672060       -2.1947268359
       -1.2598835367       -2.2426055420       -2.0987021064
       -1.0959068467       -1.1350834277       -1.6686482192
       -1.0902144294       -1.6148124428       -1.1882062756
       -1.0902144927       -1.6159683911       -1.1905932237
       -1.0980785834       -1.9772655485       -1.1129844474
       -1.0980032584       -1.6254423667       -1.1751566191
       -1.0979591801       -1.4481500388       -1.3826714588
       -1.0979582118       -1.4548737501       -1.3571273340
       -1.0980674050       -1.1630304186       -1.6465165339
       -1.3619184845       -2.0850705926       -2.4516049583
       -1.3324056984       -2.4461503245       -2.1546844852
       -1.3324047756       -2.4121709433       -2.1254403500
       -1.3844935753       -2.2392340449       -2.6312910516
       -1.3844513529       -2.1031356948       -2.3073256943
       -1.3669607224       -2.2214632960        3.1224135991
       -1.3668735560       -2.2297873292       -2.3624083514
       -1.3516950257       -2.2302243167       -2.6845118817
       -1.3516380237       -2.2792569393       -2.2922651316
       -1.3650239753       -2.3320452761       -2.2525721478
       -1.2010509263       -1.2415220588       -1.7746499778
       -1.1953597163       -1.7206526469       -1.2931166761
       -1.1953596585       -1.7210893656       -1.2926280134
       -1.2031426709       -1.6656259159       -1.3459897622
       -1.2031472107       -1.7306792517       -1.2798612055
       -1.2031035810       -1.5508116968       -1.4807951927
       -1.2031023106       -1.5612687007       -1.4629587686
       -1.2032112870       -1.2610336542       -1.7534223398
       -0.3817607558       -1.1134732559       -1.4733263600
       -0.3575827147       -1.4515725166       -1.1389461835
       -0.3537485666       -1.4515726755       -1.1389496871
       -0.4107903744       -1.1157247502       -1.3733039266
       -0.4636648671       -1.1157468162       -1.3733419359
       -0.3931861868       -1.2617322147       -1.3668735560
        0.5226678152       -1.2618310735       -1.3669607630
       -0.3793482693       -1.3084492102       -1.3307067139
       -0.4334493894       -1.3084523143       -1.3307585635
       -0.3859282406       -1.3653878464       -1.2609774453
       -0.2258624619       -0.2667201984       -0.7995003295
       -0.2189134445       -0.7459057766       -0.3194589858
       -0.2236539023       -0.7459057749       -0.3194589937
       -0.2281054699       -0.7556180702       -0.3057178392
       -0.2656292471       -0.7556837617       -0.3057169532
       -0.2284442881       -0.5853755094       -0.4870435289
       -0.2252639690       -0.5853753498       -0.4870445380
       -0.2211731761       -0.2887776927       -0.7798344522
       -1.2567740900       -1.9873606815       -2.3488709702
       -1.2272565929       -2.3240584871       -2.0022369376
       -1.2272570629       -2.3101047847       -2.0120755931
       -1.2793096153       -1.9986101023       -2.2276196477
       -1.2793287568       -2.2129504023       -2.0950869736
       -1.2617322174       -2.1277111168       -2.2297873292
       -1.2618310735        2.8416329397       -2.2516482335
       -1.2464926765       -2.1736672421       -2.2061192678
       -1.2464940000       -2.3048468409       -2.2753780860
       -1.2598835388       -2.2426055417       -2.1626562653
       -1.0959068976       -1.1350834433       -1.6697589438
       -1.0902145015       -1.6159683883       -1.1877315308
       -1.0902144301       -1.6148124635       -1.1901187541
       -1.0980032699       -1.6254424057       -1.1756857057
       -1.0980785778       -1.9772655701       -1.2379474736
       -1.0979581722       -1.4548737855       -1.3563663347
       -1.0979592122       -1.4481500491       -1.3308233487
       -1.0980674417       -1.1630304412       -1.6525589815
       -1.3619184737       -2.0920788648       -2.4516049699
       -1.3324047513       -2.4407206670       -2.1254403472
       -1.3324057289       -2.4067425084       -2.1546844702
       -1.3844513582       -2.0780847059       -2.3073256904
       -1.3844935923       -1.9417643995       -2.6312910518
       -1.3668735686       -2.2434088231       -2.3624083514
       -1.3669607630       -2.2516482335        3.1224135961
       -1.3516380148       -2.2876648293       -2.2922651316
       -1.3516950251       -2.3367902833       -2.6845118587
       -1.3650239666       -2.3492724620       -2.2525721491
       -1.2010509082       -1.2416144752       -1.7746499758
       -1.1953596571       -1.7204188475       -1.2926279942
       -1.1953597388       -1.7208552400       -1.2931166997
       -1.2031471843       -1.7302521409       -1.2798612272
       -1.2031426617       -1.7953831097       -1.3459897679
       -1.2031022268       -1.5591781303       -1.4629587794
       -1.2031035841       -1.5696399359       -1.4807951512
       -1.2032112663       -1.2662177235       -1.7534223365
       -0.3714693954       -1.0982398982       -1.4580848043
       -0.3338538139       -1.4363337812       -1.1237127552
       -0.3410948919       -1.4363336479       -1.1237133106
       -0.3908988001       -1.1004862751       -1.3580719592
       -0.3993826478       -1.1004853405       -1.3580705578
       -0.4334493595       -1.2464940055       -1.3516950257
       -0.3793482693       -1.2464926765       -1.3516380148
        0.4820214883       -1.2933063206       -1.3155618092
       -0.3565008549       -1.2932128261       -1.3154692390
       -0.4334312430       -1.3502022389       -1.2457457694
       -0.2124848540       -0.2514798811       -0.7842599138
       -0.2054600952       -0.7306654854       -0.3042185980
       -0.2052787669       -0.7306654916       -0.3042185929
       -0.2076061523       -0.7403776354       -0.2904785221
       -0.2128411802       -0.7403778673       -0.2904773806
       -0.2455725366       -0.5701755206       -0.4718287082
       -0.2057037615       -0.5701352029       -0.4718033166
       -0.2081170452       -0.2735379855       -0.7645940381
       -1.3034916396       -2.0320291826       -2.3921162834
       -1.2739764896       -2.3672503306       -2.0544739557
       -1.2739769372       -2.3611248704       -2.0583938220
       -1.3260270299       -2.0212049424       -2.3205436148
       -1.3260259002       -2.0384218217       -2.2757837734
       -1.3084523253       -2.3048468396       -2.2302243167
       -1.3084492102       -2.1736672421       -2.2876648293
       -1.2933063206        2.9663778309       -2.2731093920
       -1.2932128587       -2.2612789692       -2.2347073690
       -1.3066445450       -2.6222307937       -2.0614210420
       -1.1426249307       -1.1827675148       -1.7161530737
       -1.1369331852       -1.6622702734       -1.2369625565
       -1.1369332186       -1.6624506273       -1.2354414769
       -1.1447230284       -1.6776691738       -1.1892895671
       -1.1447213278       -1.6719137849       -1.2209014944
       -1.1447214143       -1.7461752120       -1.5611289536
       -1.1446768343       -1.5049978950       -1.4063641863
       -1.1447855297       -1.2052140936       -1.6994525422
       -1.3257487964       -2.0485260683       -2.4146352015
       -1.2962352026       -2.3994066481       -2.0724679320
       -1.2962349713       -2.3966957494       -2.0671934283
       -1.3482866333       -2.0460282850       -2.3419160573
       -1.3482826386       -2.0458761285       -2.3365955160
       -1.3307585715       -2.1255303455       -2.6845118817
       -1.3307067139       -2.2061192678       -2.2922651316
       -1.3155618092       -2.2731093920        3.0258537748
       -1.3154692824       -2.2597965457       -2.2582346647
       -1.3288660169       -2.2074801483       -2.3616580024
       -1.1648823099       -1.2066159407       -1.7383182278
       -1.1591906387       -1.6845156731       -1.2574655727
       -1.1591906913       -1.6843534878       -1.2586397707
       -1.1669788204       -1.6964443074       -1.2503536797
       -1.1669786409       -1.6937800268       -1.2453978389
       -1.1669610807       -1.6820501157       -1.6064339242
       -1.1669336015       -1.5279072024       -1.4255165900
       -1.1670442112       -1.1958725007       -1.7306547775
       -0.3714694228       -1.0982399198       -1.4580848254
       -0.3410948402       -1.4363336467       -1.1237133143
       -0.3338538590       -1.4363337745       -1.1237127675
       -0.3993826827       -1.1004853253       -1.3580705541
       -0.3908987755       -1.1004862987       -1.3580719911
       -0.3793482563       -1.2464926673       -1.3516380237
       -0.4334493894       -1.2464940000       -1.3516950251
       -0.3565008549       -1.2932128587       -1.3154692824
        0.4820215209       -1.2933063382       -1.3155618500
       -0.4334312656       -1.3502022312       -1.2457457802
       -0.2124848736       -0.2514798678       -0.7842599043
       -0.2052787686       -0.7306655267       -0.3042186119
       -0.2054601259       -0.7306654771       -0.3042186053
       -0.2128411787       -0.7403779195       -0.2904773945
       -0.2076061698       -0.7403776360       -0.2904785095
       -0.2057037465       -0.5701352170       -0.4718033610
       -0.2455725866       -0.5701755178       -0.4718287136
       -0.2081170482       -0.2735380092       -0.7645940493
       -1.3034916649       -2.0320291602       -2.3873788624
       -1.2739769284       -2.3611248733       -2.0525257609
       -1.2739765125       -2.3672503130       -2.0564682260
       -1.3260258941       -2.0384217994       -2.3039050231
       -1.3260270493       -2.0212049694       -2.2591737918
       -1.3084491968       -2.1736672060       -2.2792569393
       -1.3084523143       -2.3048468409       -2.3367902833
       -1.2932128261       -2.2612789692       -2.2597965457
       -1.2933063382        2.9663778282       -2.2211319177
       -1.3066445279       -2.6222307897       -2.2933050264
       -1.1426249211       -1.1827675038       -1.7156908859
       -1.1369332514       -1.6624506262       -1.2363198906
       -1.1369331985       -1.6622702366       -1.2347988569
       -1.1447213037       -1.6719138242       -1.2233776288
       -1.1447230214       -1.6776691558       -1.2549888694
       -1.1446768227       -1.5049978742       -1.4005667505
       -1.1447214555       -1.7461751973       -1.2455752947
       -1.1447855274       -1.2052140862       -1.6930626590
       -1.3257487986       -2.0561067502       -2.4146351870
       -1.2962349497       -2.3838326464       -2.0671934311
       -1.2962352083       -2.3811290715       -2.0724678974
       -1.3482826353       -2.0629720652       -2.3365955094
       -1.3482866604       -2.0628243534       -2.3419160217
       -1.3307067255       -2.1947268359       -2.2922651316
       -1.3307585635       -2.2753780860       -2.6845118587
       -1.3154692390       -2.2347073690       -2.2582346647
       -1.3155618500       -2.2211319177        3.0258537593
       -1.3288660153       -2.4011763168       -2.3616580056
       -1.1648823148       -1.2041829208       -1.7383182011
       -1.1591906721       -1.6848167637       -1.2586397600
       -1.1591906289       -1.6846545247       -1.2574655989
       -1.1669786295       -1.6948140347       -1.2453978303
       -1.1669788164       -1.6921527885       -1.2503536554
       -1.1669335486       -1.5202021131       -1.4255166030
       -1.1669611038       -1.3658300826       -1.6064339030
       -1.1670441757       -1.2590414524       -1.7306547504
       -0.3859272921       -1.1116228464       -1.4714762641
       -0.3559542001       -1.4497227543       -1.1370965429
       -0.3559542022       -1.4497227537       -1.1370965230
       -0.4106162360       -1.1138756486       -1.3714542524
       -0.4106162408       -1.1138756501       -1.3714542098
       -0.3859282003       -1.2598835367       -1.3650239753
       -0.3859282406       -1.2598835388       -1.3650239666
       -0.4334312430       -1.3066445450       -1.3288660169
       -0.4334312656       -1.3066445279       -1.3288660153
        0.5177352899       -1.3636212286       -1.2592255712
       -0.2241330191       -0.2648705694       -0.7976507445
       -0.2180979877       -0.7440561836       -0.3176094144
       -0.2180979732       -0.7440561938       -0.3176094348
       -0.2196564645       -0.7537687360       -0.3038684788
       -0.2196564626       -0.7537686869       -0.3038684582
       -0.2233917977       -0.5835267662       -0.4851940415
       -0.2233918097       -0.5835267444       -0.4851940345
       -0.2614662492       -0.2869239154       -0.7780542423
       -1.3604318500       -2.0811152202       -2.4466884020
       -1.3309178281       -2.4335144371       -2.1189116659
       -1.3309178551       -2.4335144354       -2.1061841386
       -1.3829671084       -2.0798209595       -2.3297012943
       -1.3829670978       -2.0798209322       -2.3642438602
       -1.3653878143       -2.2426055420       -2.3320452761
       -1.3653878464       -2.2426055417       -2.3492724620
       -1.3502022389       -2.6222307937       -2.2074801483
       -1.3502022312       -2.6222307897       -2.4011763168
       -1.3636212286        3.1184732421       -2.2343288050
       -1.1995647967       -1.2413312047       -1.7728620603
       -1.1938734549       -1.7191399734       -1.2920163938
       -1.1938734304       -1.7191399791       -1.2936251272
       -1.2016611491       -1.7269220280       -1.2782674575
       -1.2016611743       -1.7269219823       -1.2798921650
       -1.2016177612       -1.5799425238       -1.4456179566
       -1.2016177751       -1.5799425219       -1.4751982156
       -1.2017164297       -1.3143858732       -1.7532670422
       -1.2560188765       -1.9824220426       -2.3404959222
       -1.2265006504       -2.3205094080       -2.0117542449
       -1.2265006654       -2.3205321175       -2.0117542648
       -1.2785527287       -1.9833339381       -2.2349577257
       -1.2785527311       -1.9860145481       -2.2349577655
       -1.2609774366       -2.0987021064       -2.2525721478
       -1.2609774453       -2.1626562653       -2.2525721491
       -1.2457457694       -2.0614210420       -2.3616580024
       -1.2457457802       -2.2933050264       -2.3616580056
       -1.2592255712       -2.2343288050        2.8395891276
       -1.0951514037       -1.1356679632       -1.6682979598
       -1.0894589480       -1.6148477771       -1.1881507663
       -1.0894589526       -1.6148593308       -1.1881507924
       -1.0972480398       -1.6229985388       -1.1800672574
       -1.0972480403       -1.6261336372       -1.1800672496
       -1.0972035177       -1.4745862738       -1.3469047577
       -1.0972035334       -1.4340632531       -1.3469047550
       -1.0973913966       -1.1578032100       -2.0176299062
       -0.2556077982       -0.9476424533       -1.3075824497
       -0.1885780766       -1.2857476029       -0.9731250675
       -0.1885780748       -1.2857475849       -0.9731250520
       -0.2366987608       -0.9499000728       -1.2074833064
       -0.2366987736       -0.9499000887       -1.2074832699
       -0.2258624406       -1.0959068467       -1.2010509263
       -0.2258624619       -1.0959068976       -1.2010509082
       -0.2124848540       -1.1426249307       -1.1648823099
       -0.2124848736       -1.1426249211       -1.1648823148
       -0.2241330191       -1.1995647967       -1.0951514037
        0.0804724783       -0.1008881588       -0.6337494430
       -0.0573772924       -0.5800802208       -0.1536333183
       -0.0573772714       -0.5800802395       -0.1536333691
       -0.0619244720       -0.5897925268       -0.1398921735
       -0.0619244801       -0.5897924962       -0.1398921957
       -0.0624683391       -0.4195498462       -0.3212178883
       -0.0624683584       -0.4195498216       -0.3212178921
       -0.0622270371       -0.1229518502       -0.6140087258
       -0.2617575197       -1.0447351119       -1.3480979950
       -0.2322452280       -1.3183307512       -1.0368994508
       -0.2322452524       -1.3183307207       -0.9903824738
       -0.2842954364       -0.9953984285       -1.2522997227
       -0.2842954601       -0.9953984652       -1.2436999302
       -0.2667201768       -1.1350834277       -1.2415220588
       -0.2667201984       -1.1350834433       -1.2416144752
       -0.2514798811       -1.1827675148       -1.2066159407
       -0.2514798678       -1.1827675038       -1.2041829208
       -0.2648705694       -1.2413312047       -1.1356679632
       -0.1008881588        0.1885247065       -0.6742621799
       -0.0952022223       -0.6200007446       -0.1929509273
       -0.0952022080       -0.6200007532       -0.1953485508
       -0.1029910217       -0.6302694081       -0.1803289744
       -0.1029910099       -0.6302693659       -0.1804887371
       -0.1029458201       -0.4600174413       -0.3619009820
       -0.1029458433       -0.4600174393       -0.3615682407
       -0.1030550770       -0.1634724014       -0.6545253229
       -0.7946137841       -1.5210204391       -2.2660430776
       -0.7650245519       -1.8526257226       -1.5531485195
       -0.7650245747       -1.8654648390       -1.5531485066
       -0.8170755629       -1.5250449592       -1.7822331432
       -0.8170755768       -1.5213485651       -1.7822331637
       -0.7995003367       -1.6686482192       -1.7746499778
       -0.7995003295       -1.6697589438       -1.7746499758
       -0.7842599138       -1.7161530737       -1.7383182278
       -0.7842599043       -1.7156908859       -1.7383182011
       -0.7976507445       -1.7728620603       -1.6682979598
       -0.6337494430       -0.6742621799        1.6088568870
       -0.6279823614       -1.1536426155       -0.7266212565
       -0.6279824159       -1.1531110192       -0.7266212618
       -0.6357711791       -1.1631163361       -0.7131882229
       -0.6357711634       -1.1630621953       -0.7131882108
       -0.6357259309       -0.9928199641       -0.8945840563
       -0.6357259712       -0.9928731665       -0.8945840354
       -0.6358351361       -0.6962486180       -1.1873303541
       -0.2154761133       -0.9419591180       -1.3018081069
       -0.2080360508       -1.2801297751       -0.9674332679
       -0.1819472298       -1.2800557794       -0.9674315085
       -0.2376506005       -0.9442096120       -1.2017906857
       -0.2338134338       -0.9442083467       -1.2017906372
       -0.2236538683       -1.0902144294       -1.1953597163
       -0.2189134445       -1.0902145015       -1.1953596571
       -0.2054600952       -1.1369331852       -1.1591906387
       -0.2052787686       -1.1369332514       -1.1591906721
       -0.2180979877       -1.1938734549       -1.0894589480
       -0.0573772924       -0.0952022223       -0.6279823614
        0.0652915573       -0.5744551238       -0.1479427896
       -0.0476861054       -0.5743878879       -0.1479410241
       -0.0565338764       -0.5841001283       -0.1341999496
       -0.0574651556       -0.5841001796       -0.1341998673
       -0.0567636072       -0.4138574768       -0.3155255290
       -0.0569305274       -0.4138574560       -0.3155255306
       -0.0567983398       -0.1172595562       -0.6083163952
       -0.7409476027       -1.4781135991       -1.8145693764
       -0.7114955859       -2.1578102928       -1.3915751306
       -0.7114300589       -1.8081866525       -1.4952010581
       -0.7634809104       -1.4712146343       -1.7316325793
       -0.7634810613       -1.4691846680       -1.7274709632
       -0.7459057466       -1.6148124428       -1.7206526469
       -0.7459057766       -1.6159683883       -1.7204188475
       -0.7306654854       -1.6622702734       -1.6845156731
       -0.7306655267       -1.6624506262       -1.6848167637
       -0.7440561836       -1.7191399734       -1.6148477771
       -0.5800802208       -0.6200007446       -1.1536426155
       -0.5744551238        1.4660740693       -0.7817913100
       -0.5743878841       -1.1002353516       -0.6725340600
       -0.5821765894       -1.1094283423       -0.6589529130
       -0.5821766381       -1.1094532540       -0.6594595486
       -0.5821314032       -0.9392623875       -0.8408705900
       -0.5821314460       -0.9392599892       -0.8408930299
       -0.5822406738       -0.6426231772       -1.1337064730
       -0.3145011867       -1.0585919379       -1.3894276636
       -0.2849862029       -1.2777421858       -1.1544583482
       -0.2849833117       -1.3830084625       -1.0684746254
       -0.3370350618       -1.0160426314       -1.3014654456
       -0.3370342800       -1.0427301254       -1.3073572939
       -0.3194589861       -1.1882062756       -1.2931166761
       -0.3194589858       -1.1877315308       -1.2926279942
       -0.3042185980       -1.2369625565       -1.2574655727
       -0.3042186119       -1.2363198906       -1.2586397600
       -0.3176094144       -1.2920163938       -1.1881507663
       -0.1536333183       -0.1929509273       -0.7266212565
       -0.1479427896       -0.7817913100        0.3292132949
       -0.1479410101       -0.6741371513       -0.2458893875
       -0.1557298272       -0.6840599607       -0.2333483418
       -0.1557298352       -0.6826723023       -0.2335967000
       -0.1556845709       -0.5128455573       -0.4145269750
       -0.1556846204       -0.5128261552       -0.4145251300
       -0.1557938693       -0.2162314188       -0.7072477724
       -0.2154761309       -0.9419591031       -1.3018081545
       -0.1819472002       -1.2800558098       -0.9674315486
       -0.2080360540       -1.2801297574       -0.9674332642
       -0.2338134269       -0.9442083517       -1.2017906614
       -0.2376506154       -0.9442096373       -1.2017906830
       -0.2189134546       -1.0902144927       -1.1953596585
       -0.2236539023       -1.0902144301       -1.1953597388
       -0.2052787669       -1.1369332186       -1.1591906913
       -0.2054601259       -1.1369331985       -1.1591906289
       -0.2180979732       -1.1938734304       -1.0894589526
       -0.0573772714       -0.0952022080       -0.6279824159
       -0.0476861054       -0.5743878841       -0.1479410101
        0.0652915698       -0.5744551312       -0.1479427787
       -0.0574651745       -0.5841002008       -0.1341999189
       -0.0565339270       -0.5841001285       -0.1341999356
       -0.0569304868       -0.4138575104       -0.3155255273
       -0.0567636251       -0.4138575081       -0.3155255212
       -0.0567983603       -0.1172595529       -0.6083164072
       -0.7409475730       -1.4781135552       -1.8398374148
       -0.7114300104       -1.8081866702       -1.4904520253
       -0.7114956211       -2.1578102790       -1.5940771102
       -0.7634810876       -1.4691846378       -1.7268999267
       -0.7634809239       -1.4712146383       -1.7227402900
       -0.7459057558       -1.6159683911       -1.7210893656
       -0.7459057749       -1.6148124635       -1.7208552400
       -0.7306654916       -1.6624506273       -1.6843534878
       -0.7306654771       -1.6622702366       -1.6846545247
       -0.7440561938       -1.7191399791       -1.6148593308
       -0.5800802395       -0.6200007532       -1.1531110192
       -0.5743878879       -1.1002353516       -0.6741371513
       -0.5744551312        1.4660740564       -0.5648804182
       -0.5821766398       -1.1094532908       -0.6597292661
       -0.5821765975       -1.1094283116       -0.6602359596
       -0.5821314085       -0.9392600023       -0.8409473094
       -0.5821314210       -0.9392623612       -0.8409696847
       -0.5822406786       -0.6426232056       -1.1337153538
       -0.3145011770       -1.0232234146       -1.3894276820
       -0.2849832799       -1.3749980622       -1.0684746336
       -0.2849862243       -1.4802771073       -1.1544583326
       -0.3370343114       -1.0435818445       -1.3073573256
       -0.3370350593       -1.0702676179       -1.3014654466
       -0.3194590027       -1.1905932237       -1.2926280134
       -0.3194589937       -1.1901187541       -1.2931166997
       -0.3042185929       -1.2354414769       -1.2586397707
       -0.3042186053       -1.2347988569       -1.2574655989
       -0.3176094348       -1.2936251272       -1.1881507924
       -0.1536333691       -0.1953485508       -0.7266212618
       -0.1479410241       -0.6725340600       -0.2458893875
       -0.1479427787       -0.5648804182        0.3292133142
       -0.1557298372       -0.6834238641       -0.2335967493
       -0.1557298656       -0.6820362128       -0.2333483600
       -0.1556845752       -0.5127844000       -0.4145251779
       -0.1556846166       -0.5127649414       -0.4145269794
       -0.1557938986       -0.2161832602       -0.7072477885
       -0.2229231613       -0.9497464890       -1.3095965294
       -0.1988952259       -1.2878439273       -0.9752203524
       -0.1952282549       -1.2878440487       -0.9752199923
       -0.2394010411       -0.9519986751       -1.2095789320
       -0.2372805996       -0.9519970177       -1.2095786452
       -0.2656292869       -1.0980785834       -1.2031426709
       -0.2281054699       -1.0980032699       -1.2031471843
       -0.2076061523       -1.1447230284       -1.1669788204
       -0.2128411787       -1.1447213037       -1.1669786295
       -0.2196564645       -1.2016611491       -1.0972480398
       -0.0619244720       -0.1029910217       -0.6357711791
       -0.0565338764       -0.5821765894       -0.1557298272
       -0.0574651745       -0.5821766398       -0.1557298372
        0.0860652466       -0.5919572628       -0.1419866143
       -0.0651739585       -0.5918889570       -0.1419886596
       -0.0686421314       -0.4216463525       -0.3233144290
       -0.0652174099       -0.4216462888       -0.3233143107
       -0.0651758560       -0.1250483904       -0.6161052372
       -0.7506597424       -1.4764375425       -1.8369345007
       -0.7211423252       -1.8135914231       -1.5017841666
       -0.7211424130       -1.8164382494       -1.5015459297
       -0.7731935306       -1.4994395449       -1.7311276349
       -0.7731935845       -1.4781369946       -1.7406465565
       -0.7556837635       -1.9772655485       -1.6656259159
       -0.7556180702       -1.6254424057       -1.7302521409
       -0.7403776354       -1.6776691738       -1.6964443074
       -0.7403779195       -1.6719138242       -1.6948140347
       -0.7537687360       -1.7269220280       -1.6229985388
       -0.5897925268       -0.6302694081       -1.1631163361
       -0.5841001283       -1.1094283423       -0.6840599607
       -0.5841002008       -1.1094532908       -0.6834238641
       -0.5919572628        1.4919096326       -0.7358378273
       -0.5918889932       -1.1193110553       -0.6692125933
       -0.5918437876       -0.9477193423       -0.8507001419
       -0.5918438035       -0.9489826738       -0.8505864781
       -0.5919530637       -0.6528042844       -1.1433350579
       -0.3007593075       -1.0257868055       -1.3870104266
       -0.2712421200       -1.3663991106       -1.0524788040
       -0.2712421345       -1.3667312123       -1.0513510738
       -0.3232935981       -1.0574618778       -1.2798992937
       -0.3232930925       -1.0304059057       -1.2913284221
       -0.3057169777       -1.1129844474       -1.3459897622
       -0.3057178392       -1.1756857057       -1.2798612272
       -0.2904785221       -1.1892895671       -1.2503536797
       -0.2904773945       -1.2233776288       -1.2453978303
       -0.3038684788       -1.2782674575       -1.1800672574
       -0.1398921735       -0.1803289744       -0.7131882229
       -0.1341999496       -0.6589529130       -0.2333483418
       -0.1341999189       -0.6597292661       -0.2335967493
       -0.1419866143       -0.7358378273        0.2925439703
       -0.1419886586       -0.6694010421       -0.2192280647
       -0.1419434745       -0.4988448033       -0.3998836958
       -0.1419434863       -0.4989616536       -0.4006394889
       -0.1420527932       -0.2011533468       -0.6942727369
       -0.2229231275       -0.9497464895       -1.3095965285
       -0.1952281961       -1.2878440551       -0.9752199741
       -0.1988952310       -1.2878439122       -0.9752203686
       -0.2372806001       -0.9519970194       -1.2095786415
       -0.2394010475       -0.9519986904       -1.2095789202
       -0.2281054513       -1.0980032584       -1.2031472107
       -0.2656292471       -1.0980785778       -1.2031426617
       -0.2128411802       -1.1447213278       -1.1669786409
       -0.2076061698       -1.1447230214       -1.1669788164
       -0.2196564626       -1.2016611743       -1.0972480403
       -0.0619244801       -0.1029910099       -0.6357711634
       -0.0574651556       -0.5821766381       -0.1557298352
       -0.0565339270       -0.5821765975       -0.1557298656
       -0.0651739585       -0.5918889932       -0.1419886586
        0.0860652599       -0.5919572254       -0.1419866330
       -0.0652173530       -0.4216463081       -0.3233143281
       -0.0686421330       -0.4216463405       -0.3233143875
       -0.0651758563       -0.1250484254       -0.6161052593
       -0.7506597536       -1.4764375283       -1.8368946238
       -0.7211423655       -1.8164382168       -1.5035305804
       -0.7211423183       -1.8135913818       -1.5032927054
       -0.7731935629       -1.4781369676       -1.7331477864
       -0.7731935398       -1.4994395292       -1.7426704479
       -0.7556180865       -1.6254423667       -1.7306792517
       -0.7556837617       -1.9772655701       -1.7953831097
       -0.7403778673       -1.6719137849       -1.6937800268
       -0.7403776360       -1.6776691558       -1.6921527885
       -0.7537686869       -1.7269219823       -1.6261336372
       -0.5897924962       -0.6302693659       -1.1630621953
       -0.5841001796       -1.1094532540       -0.6826723023
       -0.5841001285       -1.1094283116       -0.6820362128
       -0.5918889570       -1.1193110553       -0.6694010421
       -0.5919572254        1.4919095865       -0.6028478901
       -0.5918437506       -0.9489826500       -0.8506786808
       -0.5918438168       -0.9477193350       -0.8505650341
       -0.5919530348       -0.6528042684       -1.1435115204
       -0.3007593180       -1.0285432520       -1.3870104291
       -0.2712420916       -1.3637926980       -1.0513510749
       -0.2712421307       -1.3641240150       -1.0524787855
       -0.3232930851       -1.0284231035       -1.2913283856
       -0.3232935519       -1.0013700857       -1.2798992690
       -0.3057178319       -1.1751566191       -1.2798612055
       -0.3057169532       -1.2379474736       -1.3459897679
       -0.2904773806       -1.2209014944       -1.2453978389
       -0.2904785095       -1.2549888694       -1.2503536554
       -0.3038684582       -1.2798921650       -1.1800672496
       -0.1398921957       -0.1804887371       -0.7131882108
       -0.1341998673       -0.6594595486       -0.2335967000
       -0.1341999356       -0.6602359596       -0.2333483600
       -0.1419886596       -0.6692125933       -0.2192280647
       -0.1419866330       -0.6028478901        0.2925439547
       -0.1419434335       -0.4991664984       -0.4006394851
       -0.1419435338       -0.4992828937       -0.3998836680
       -0.1420527558       -0.2037791210       -0.6942727575
       -0.2238148470       -0.9497021087       -1.3095511535
       -0.1938293128       -1.2877989117       -0.9751754716
       -0.1936710974       -1.2877988365       -0.9751755645
       -0.2382732792       -0.9519513538       -1.2095344933
       -0.2454781632       -0.9519511801       -1.2095341252
       -0.2252639143       -1.0979591801       -1.2031035810
       -0.2284442881       -1.0979581722       -1.2031022268
       -0.2455725366       -1.1447214143       -1.1669610807
       -0.2057037465       -1.1446768227       -1.1669335486
       -0.2233917977       -1.2016177612       -1.0972035177
       -0.0624683391       -0.1029458201       -0.6357259309
       -0.0567636072       -0.5821314032       -0.1556845709
       -0.0569304868       -0.5821314085       -0.1556845752
       -0.0686421314       -0.5918437876       -0.1419434745
       -0.0652173530       -0.5918437506       -0.1419434335
        0.0859438431       -0.4216424220       -0.3232949311
       -0.0643076460       -0.4216010943       -0.3232690936
       -0.0691723528       -0.1250031967       -0.6160600428
       -0.5804169307       -1.3062489995       -1.6666599858
       -0.5508997253       -1.6448852484       -1.3327881634
       -0.5508997065       -1.6447881429       -1.3318188429
       -0.6029506923       -1.3089875227       -1.5645218709
       -0.6029506071       -1.3086879648       -1.5668374919
       -0.5853753396       -1.4481500388       -1.5508116968
       -0.5853755094       -1.4548737855       -1.5591781303
       -0.5701755206       -1.7461752120       -1.6820501157
       -0.5701352170       -1.5049978742       -1.5202021131
       -0.5835267662       -1.5799425238       -1.4745862738
       -0.4195498462       -0.4600174413       -0.9928199641
       -0.4138574768       -0.9392623875       -0.5128455573
       -0.4138575104       -0.9392600023       -0.5127844000
       -0.4216463525       -0.9477193423       -0.4988448033
       -0.4216463081       -0.9489826500       -0.4991664984
       -0.4216424220        1.0382678033       -0.5177055635
       -0.4216011362       -0.7799487067       -0.6809862900
       -0.4217103902       -0.4812551644       -0.9731681649
       -0.4820850432       -1.2090958371       -1.5689372530
       -0.4525677497       -1.5477675509       -1.2333919027
       -0.4525677579       -1.5465582171       -1.2345884637
       -0.5046189018       -1.2071065965       -1.4730941398
       -0.5046186402       -1.2102735435       -1.4676893230
       -0.4870445470       -1.3826714588       -1.4807951927
       -0.4870435289       -1.3563663347       -1.4629587794
       -0.4718287082       -1.5611289536       -1.6064339242
       -0.4718033610       -1.4005667505       -1.4255166030
       -0.4851940415       -1.4456179566       -1.3469047577
       -0.3212178883       -0.3619009820       -0.8945840563
       -0.3155255290       -0.8408705900       -0.4145269750
       -0.3155255273       -0.8409473094       -0.4145251779
       -0.3233144290       -0.8507001419       -0.3998836958
       -0.3233143281       -0.8506786808       -0.4006394851
       -0.3232949311       -0.5177055635        0.7761307684
       -0.3232691552       -0.6797933474       -0.5819549763
       -0.3233784678       -0.3834216329       -0.8736129857
       -0.2238149144       -0.9497021362       -1.3095512055
       -0.1936710973       -1.2877989050       -0.9751756224
       -0.1938293479       -1.2877989209       -0.9751754953
       -0.2454782199       -0.9519511831       -1.2095341796
       -0.2382733279       -0.9519513594       -1.2095345100
       -0.2284442802       -1.0979582118       -1.2031023106
       -0.2252639690       -1.0979592122       -1.2031035841
       -0.2057037615       -1.1446768343       -1.1669336015
       -0.2455725866       -1.1447214555       -1.1669611038
       -0.2233918097       -1.2016177751       -1.0972035334
       -0.0624683584       -0.1029458433       -0.6357259712
       -0.0569305274       -0.5821314460       -0.1556846204
       -0.0567636251       -0.5821314210       -0.1556846166
       -0.0652174099       -0.5918438035       -0.1419434863
       -0.0686421330       -0.5918438168       -0.1419435338
       -0.0643076460       -0.4216011362       -0.3232691552
        0.0859439052       -0.4216424575       -0.3232949544
       -0.0691724318       -0.1250032026       -0.6160600683
       -0.5804169109       -1.3062490026       -1.6666837367
       -0.5508996587       -1.6447881378       -1.3327731084
       -0.5508997449       -1.6448852403       -1.3318040295
       -0.6029505931       -1.3086879522       -1.5664719981
       -0.6029507160       -1.3089875466       -1.5687882257
       -0.5853754742       -1.4548737501       -1.5612687007
       -0.5853753498       -1.4481500491       -1.5696399359
       -0.5701352029       -1.5049978950       -1.5279072024
       -0.5701755178       -1.7461751973       -1.3658300826
       -0.5835267444       -1.5799425219       -1.4340632531
       -0.4195498216       -0.4600174393       -0.9928731665
       -0.4138574560       -0.9392599892       -0.5128261552
       -0.4138575081       -0.9392623612       -0.5127649414
       -0.4216462888       -0.9489826738       -0.4989616536
       -0.4216463405       -0.9477193350       -0.4992828937
       -0.4216010943       -0.7799487067       -0.6797933474
       -0.4216424575        1.0382677985       -0.8428511427
       -0.4217104001       -0.4812551520       -0.9731929181
       -0.4820850332       -1.2078852161       -1.5689372428
       -0.4525677083       -1.5466168124       -1.2345884607
       -0.4525677657       -1.5454075331       -1.2333919066
       -0.5046186307       -1.2112065534       -1.4676893075
       -0.5046188800       -1.2143737845       -1.4730941078
       -0.4870435019       -1.3571273340       -1.4629587686
       -0.4870445380       -1.3308233487       -1.4807951512
       -0.4718033166       -1.4063641863       -1.4255165900
       -0.4718287136       -1.2455752947       -1.6064339030
       -0.4851940345       -1.4751982156       -1.3469047550
       -0.3212178921       -0.3615682407       -0.8945840354
       -0.3155255306       -0.8408930299       -0.4145251300
       -0.3155255212       -0.8409696847       -0.4145269794
       -0.3233143107       -0.8505864781       -0.4006394889
       -0.3233143875       -0.8505650341       -0.3998836680
       -0.3232690936       -0.6809862900       -0.5819549763
       -0.3232949544       -0.8428511427        0.7761307485
       -0.3233784480       -0.3841611471       -0.8736129936
       -0.2235408132       -0.9498103871       -1.3096604640
       -0.1947553616       -1.2879079619       -0.9752839446
       -0.1947553915       -1.2879079619       -0.9752839278
       -0.2455740573       -0.9520605332       -1.2096422668
       -0.2455740783       -0.9520605608       -1.2096422968
       -0.2211731619       -1.0980674050       -1.2032112870
       -0.2211731761       -1.0980674417       -1.2032112663
       -0.2081170452       -1.1447855297       -1.1670442112
       -0.2081170482       -1.1447855274       -1.1670441757
       -0.2614662492       -1.2017164297       -1.0973913966
       -0.0622270371       -0.1030550770       -0.6358351361
       -0.0567983398       -0.5822406738       -0.1557938693
       -0.0567983603       -0.5822406786       -0.1557938986
       -0.0651758560       -0.5919530637       -0.1420527932
       -0.0651758563       -0.5919530348       -0.1420527558
       -0.0691723528       -0.4217103902       -0.3233784678
       -0.0691724318       -0.4217104001       -0.3233784480
        0.0862358290       -0.1251070335       -0.6162412982
       -0.2838189576       -1.0115791670       -1.3700738707
       -0.2543017750       -1.3479490950       -1.0343626830
       -0.2543017777       -1.3479490749       -1.0370338475
       -0.3063525995       -1.0128551799       -1.2714317059
       -0.3063526248       -1.0128551975       -1.2686822631
       -0.2887776774       -1.1630304186       -1.2610336542
       -0.2887776927       -1.1630304412       -1.2662177235
       -0.2735379855       -1.2052140936       -1.1958725007
       -0.2735380092       -1.2052140862       -1.2590414524
       -0.2869239154       -1.3143858732       -1.1578032100
       -0.1229518502       -0.1634724014       -0.6962486180
       -0.1172595562       -0.6426231772       -0.2162314188
       -0.1172595529       -0.6426232056       -0.2161832602
       -0.1250483904       -0.6528042844       -0.2011533468
       -0.1250484254       -0.6528042684       -0.2037791210
       -0.1250031967       -0.4812551644       -0.3834216329
       -0.1250032026       -0.4812551520       -0.3841611471
       -0.1251070335        0.2473466931       -0.6766497280
       -0.7748759288       -1.5012809510       -1.8609895702
       -0.7453584467       -1.8393196067       -1.5268212277
       -0.7453584754       -1.8394369457       -1.5268212360
       -0.7974095484       -1.5034854925       -1.7606936986
       -0.7974095681       -1.5035760931       -1.7606937023
       -0.7798344113       -1.6465165339       -1.7534223398
       -0.7798344522       -1.6525589815       -1.7534223365
       -0.7645940381       -1.6994525422       -1.7306547775
       -0.7645940493       -1.6930626590       -1.7306547504
       -0.7780542423       -1.7532670422       -2.0176299062
       -0.6140087258       -0.6545253229       -1.1873303541
       -0.6083163952       -1.1337064730       -0.7072477724
       -0.6083164072       -1.1337153538       -0.7072477885
       -0.6161052372       -1.1433350579       -0.6942727369
       -0.6161052593       -1.1435115204       -0.6942727575
       -0.6160600428       -0.9731681649       -0.8736129857
       -0.6160600683       -0.9731929181       -0.8736129936
       -0.6162412982       -0.6766497280        1.5564250370
